2.000000	 100.000000	
2.000000	 100.000000	
2.000000	 100.000000	
2.002400	 100.000000	
2.004400	 100.000000	
2.005360	 100.000000	
2.014770	 100.000000	
2.014770	 100.000000	
2.014830	 100.000000	
2.017170	 100.000000	
2.019170	 100.000000	
2.020130	 100.000000	
3.000000	 100.000000	
3.000000	 100.000000	
3.000000	 100.000000	
3.002400	 100.000000	
3.004400	 100.000000	
3.005360	 100.000000	
3.005540	 100.000000	
3.005540	 100.000000	
3.005610	 100.000000	
3.007950	 100.000000	
3.009950	 100.000000	
3.010900	 100.000000	
4.000000	 100.000000	
4.000000	 100.000000	
4.000000	 100.000000	
4.002400	 100.000000	
4.004400	 100.000000	
4.005360	 100.000000	
4.005540	 100.000000	
4.005540	 100.000000	
4.005610	 100.000000	
4.007950	 100.000000	
4.009950	 100.000000	
4.010900	 100.000000	
